$ANSIBLE_VAULT;1.1;AES256
30376331376362306531666263626461653139386162626138623139343562313763616531313766
3735653636636339653663613836663632353337366130340a383665343931636235646633636161
30313434623035613435616635336435643261303164343762373630383838333365363062346233
3137633262326365660a383332303561376161303730343230663736353061353930306234633761
39323662356433633533656466373034343937623961633664633335336665373431353333393763
39633839336638313539623231383661663339336537336261616264393630646266313763346165
30336237343939663265383666383264356166666263613330663333386261616234666461626135
64323163623537656162626364386533663237643339383430653665323236656138386631653331
37653265353162666235343065616463303037616634616135303334386561613537313936633636
35393333373431353465633265373435346263343436353431653163623731323931643733383630
39343039306664623934643164376363393362656139373038636337386231333362313332646330
35323132353165653736636665316534306230653264373863333139613930313436626239316666
61613038623833643734353466353264663966663938326631363961383236663538353539393232
33646134373835386662656134613766356339376561623138306161376330393335653538656338
37386362396464666239366662313430373836326432333333393733323732373066616539653830
62313861633565663731323433363064356261633161393138323438656461613531376265643332
3335
